(80,54)
(81,54)
(82,54)
(93,54)
(94,54)
(95,54)
(96,54)
(97,54)
(98,54)
(99,54)
(100,54)
(101,54)
(102,54)
(103,54)
(104,54)
(105,54)
(106,54)
(107,54)
(136,54)
(137,54)
(138,54)
(139,54)
(140,54)
(141,54)
(142,54)
(143,54)
(144,54)
(145,54)
(146,54)
(147,54)
(148,54)
(149,54)
(150,54)
(151,54)
(152,54)
(153,54)
(154,54)
(155,54)
(156,54)
(157,54)
(158,54)
(159,54)
(80,55)
(81,55)
(82,55)
(106,55)
(107,55)
(147,55)
(148,55)
(149,55)
(150,55)
(151,55)
(152,55)
(153,55)
(154,55)
(155,55)
(156,55)
(157,55)
(158,55)
(159,55)
(80,56)
(81,56)
(82,56)
(80,57)
(81,57)
(82,57)
(80,58)
(81,58)
(82,58)
(86,58)
(87,58)
(88,58)
(89,58)
(90,58)
(91,58)
(92,58)
(93,58)
(94,58)
(95,58)
(96,58)
(97,58)
(113,58)
(80,59)
(81,59)
(82,59)
(86,59)
(87,59)
(88,59)
(89,59)
(90,59)
(91,59)
(92,59)
(93,59)
(94,59)
(95,59)
(96,59)
(97,59)
(98,59)
(99,59)
(100,59)
(101,59)
(102,59)
(103,59)
(104,59)
(113,59)
(114,59)
(115,59)
(116,59)
(117,59)
(118,59)
(119,59)
(120,59)
(80,60)
(81,60)
(86,60)
(87,60)
(88,60)
(89,60)
(90,60)
(91,60)
(96,60)
(97,60)
(98,60)
(99,60)
(103,60)
(104,60)
(113,60)
(114,60)
(115,60)
(116,60)
(117,60)
(118,60)
(119,60)
(120,60)
(127,60)
(128,60)
(129,60)
(130,60)
(131,60)
(132,60)
(133,60)
(80,61)
(81,61)
(86,61)
(87,61)
(88,61)
(89,61)
(90,61)
(91,61)
(96,61)
(97,61)
(98,61)
(104,61)
(113,61)
(114,61)
(115,61)
(116,61)
(117,61)
(118,61)
(119,61)
(120,61)
(127,61)
(128,61)
(129,61)
(130,61)
(131,61)
(132,61)
(144,61)
(145,61)
(146,61)
(147,61)
(148,61)
(80,62)
(81,62)
(86,62)
(87,62)
(88,62)
(89,62)
(90,62)
(91,62)
(96,62)
(97,62)
(98,62)
(104,62)
(113,62)
(114,62)
(115,62)
(116,62)
(117,62)
(118,62)
(119,62)
(120,62)
(126,62)
(127,62)
(128,62)
(129,62)
(130,62)
(131,62)
(132,62)
(144,62)
(145,62)
(146,62)
(147,62)
(80,63)
(81,63)
(86,63)
(87,63)
(88,63)
(89,63)
(94,63)
(95,63)
(96,63)
(97,63)
(98,63)
(105,63)
(113,63)
(114,63)
(115,63)
(116,63)
(117,63)
(118,63)
(119,63)
(120,63)
(126,63)
(127,63)
(128,63)
(129,63)
(130,63)
(131,63)
(132,63)
(138,63)
(144,63)
(145,63)
(146,63)
(147,63)
(80,64)
(81,64)
(94,64)
(95,64)
(96,64)
(97,64)
(98,64)
(99,64)
(105,64)
(106,64)
(113,64)
(114,64)
(115,64)
(116,64)
(117,64)
(118,64)
(119,64)
(120,64)
(126,64)
(127,64)
(128,64)
(129,64)
(130,64)
(131,64)
(132,64)
(138,64)
(143,64)
(144,64)
(145,64)
(146,64)
(147,64)
(80,65)
(81,65)
(94,65)
(95,65)
(96,65)
(97,65)
(98,65)
(99,65)
(105,65)
(106,65)
(113,65)
(114,65)
(115,65)
(116,65)
(117,65)
(118,65)
(119,65)
(120,65)
(127,65)
(128,65)
(129,65)
(130,65)
(131,65)
(132,65)
(138,65)
(143,65)
(144,65)
(145,65)
(146,65)
(147,65)
(152,65)
(153,65)
(80,66)
(81,66)
(94,66)
(95,66)
(96,66)
(97,66)
(98,66)
(99,66)
(113,66)
(114,66)
(115,66)
(116,66)
(117,66)
(118,66)
(119,66)
(120,66)
(127,66)
(128,66)
(129,66)
(130,66)
(131,66)
(132,66)
(133,66)
(134,66)
(135,66)
(136,66)
(137,66)
(138,66)
(143,66)
(144,66)
(145,66)
(146,66)
(147,66)
(152,66)
(153,66)
(80,67)
(81,67)
(94,67)
(95,67)
(96,67)
(97,67)
(98,67)
(99,67)
(113,67)
(114,67)
(115,67)
(116,67)
(117,67)
(118,67)
(119,67)
(120,67)
(127,67)
(128,67)
(129,67)
(130,67)
(131,67)
(132,67)
(133,67)
(134,67)
(135,67)
(136,67)
(137,67)
(138,67)
(139,67)
(140,67)
(141,67)
(142,67)
(143,67)
(144,67)
(145,67)
(146,67)
(147,67)
(148,67)
(149,67)
(150,67)
(151,67)
(152,67)
(153,67)
(154,67)
(155,67)
(80,68)
(81,68)
(86,68)
(87,68)
(88,68)
(89,68)
(94,68)
(95,68)
(96,68)
(97,68)
(98,68)
(99,68)
(113,68)
(114,68)
(115,68)
(116,68)
(117,68)
(118,68)
(119,68)
(120,68)
(121,68)
(122,68)
(123,68)
(124,68)
(125,68)
(126,68)
(127,68)
(128,68)
(129,68)
(130,68)
(131,68)
(132,68)
(133,68)
(134,68)
(135,68)
(136,68)
(137,68)
(138,68)
(139,68)
(140,68)
(141,68)
(142,68)
(143,68)
(144,68)
(145,68)
(146,68)
(147,68)
(148,68)
(149,68)
(150,68)
(151,68)
(152,68)
(153,68)
(154,68)
(155,68)
(80,69)
(81,69)
(86,69)
(87,69)
(88,69)
(89,69)
(94,69)
(95,69)
(96,69)
(97,69)
(98,69)
(99,69)
(113,69)
(114,69)
(115,69)
(116,69)
(117,69)
(118,69)
(119,69)
(120,69)
(121,69)
(122,69)
(123,69)
(124,69)
(125,69)
(126,69)
(127,69)
(128,69)
(129,69)
(130,69)
(131,69)
(132,69)
(133,69)
(134,69)
(135,69)
(136,69)
(137,69)
(138,69)
(139,69)
(140,69)
(141,69)
(142,69)
(143,69)
(144,69)
(145,69)
(146,69)
(147,69)
(148,69)
(149,69)
(150,69)
(151,69)
(152,69)
(153,69)
(154,69)
(155,69)
(80,70)
(81,70)
(86,70)
(87,70)
(88,70)
(89,70)
(97,70)
(98,70)
(99,70)
(105,70)
(106,70)
(113,70)
(114,70)
(115,70)
(116,70)
(117,70)
(118,70)
(119,70)
(120,70)
(121,70)
(122,70)
(123,70)
(124,70)
(125,70)
(126,70)
(127,70)
(128,70)
(129,70)
(130,70)
(131,70)
(132,70)
(133,70)
(134,70)
(135,70)
(136,70)
(137,70)
(138,70)
(139,70)
(140,70)
(141,70)
(142,70)
(143,70)
(144,70)
(145,70)
(146,70)
(147,70)
(148,70)
(149,70)
(150,70)
(151,70)
(152,70)
(153,70)
(154,70)
(155,70)
(80,71)
(86,71)
(87,71)
(88,71)
(89,71)
(90,71)
(97,71)
(104,71)
(105,71)
(106,71)
(113,71)
(114,71)
(115,71)
(116,71)
(117,71)
(118,71)
(119,71)
(120,71)
(121,71)
(122,71)
(123,71)
(124,71)
(125,71)
(126,71)
(127,71)
(128,71)
(129,71)
(130,71)
(131,71)
(132,71)
(133,71)
(134,71)
(135,71)
(136,71)
(137,71)
(138,71)
(139,71)
(140,71)
(141,71)
(142,71)
(143,71)
(144,71)
(145,71)
(146,71)
(147,71)
(148,71)
(149,71)
(150,71)
(151,71)
(152,71)
(153,71)
(154,71)
(155,71)
(80,72)
(86,72)
(87,72)
(88,72)
(89,72)
(90,72)
(97,72)
(104,72)
(105,72)
(113,72)
(114,72)
(115,72)
(116,72)
(117,72)
(118,72)
(119,72)
(120,72)
(121,72)
(122,72)
(123,72)
(124,72)
(125,72)
(126,72)
(127,72)
(128,72)
(129,72)
(130,72)
(131,72)
(132,72)
(133,72)
(134,72)
(135,72)
(136,72)
(137,72)
(138,72)
(139,72)
(140,72)
(141,72)
(142,72)
(143,72)
(144,72)
(145,72)
(146,72)
(147,72)
(148,72)
(149,72)
(150,72)
(151,72)
(152,72)
(153,72)
(154,72)
(80,73)
(86,73)
(87,73)
(88,73)
(89,73)
(90,73)
(96,73)
(97,73)
(104,73)
(105,73)
(113,73)
(114,73)
(115,73)
(116,73)
(117,73)
(118,73)
(119,73)
(120,73)
(121,73)
(122,73)
(123,73)
(124,73)
(125,73)
(126,73)
(127,73)
(128,73)
(129,73)
(130,73)
(131,73)
(132,73)
(133,73)
(134,73)
(135,73)
(136,73)
(137,73)
(138,73)
(139,73)
(140,73)
(141,73)
(142,73)
(143,73)
(144,73)
(145,73)
(146,73)
(147,73)
(148,73)
(149,73)
(150,73)
(151,73)
(152,73)
(153,73)
(154,73)
(80,74)
(86,74)
(87,74)
(88,74)
(89,74)
(90,74)
(91,74)
(92,74)
(93,74)
(94,74)
(95,74)
(96,74)
(97,74)
(98,74)
(99,74)
(100,74)
(101,74)
(102,74)
(103,74)
(104,74)
(105,74)
(113,74)
(114,74)
(115,74)
(116,74)
(117,74)
(118,74)
(119,74)
(120,74)
(121,74)
(122,74)
(123,74)
(124,74)
(125,74)
(126,74)
(127,74)
(128,74)
(129,74)
(130,74)
(131,74)
(132,74)
(133,74)
(134,74)
(135,74)
(136,74)
(137,74)
(138,74)
(139,74)
(140,74)
(141,74)
(142,74)
(143,74)
(144,74)
(145,74)
(146,74)
(147,74)
(148,74)
(149,74)
(150,74)
(151,74)
(152,74)
(153,74)
(154,74)
(80,75)
(86,75)
(87,75)
(88,75)
(89,75)
(90,75)
(91,75)
(92,75)
(93,75)
(94,75)
(95,75)
(96,75)
(97,75)
(98,75)
(99,75)
(100,75)
(101,75)
(102,75)
(103,75)
(104,75)
(105,75)
(113,75)
(114,75)
(115,75)
(116,75)
(117,75)
(118,75)
(119,75)
(120,75)
(121,75)
(122,75)
(123,75)
(124,75)
(125,75)
(126,75)
(127,75)
(128,75)
(129,75)
(130,75)
(131,75)
(132,75)
(133,75)
(134,75)
(135,75)
(136,75)
(137,75)
(138,75)
(139,75)
(140,75)
(141,75)
(142,75)
(143,75)
(144,75)
(145,75)
(146,75)
(147,75)
(148,75)
(149,75)
(150,75)
(151,75)
(152,75)
(153,75)
(154,75)
(80,76)
(86,76)
(87,76)
(88,76)
(89,76)
(90,76)
(91,76)
(92,76)
(93,76)
(94,76)
(95,76)
(96,76)
(97,76)
(98,76)
(99,76)
(100,76)
(101,76)
(102,76)
(103,76)
(104,76)
(105,76)
(113,76)
(114,76)
(115,76)
(116,76)
(117,76)
(118,76)
(126,76)
(127,76)
(128,76)
(129,76)
(130,76)
(131,76)
(132,76)
(133,76)
(134,76)
(135,76)
(136,76)
(137,76)
(138,76)
(139,76)
(140,76)
(141,76)
(142,76)
(143,76)
(144,76)
(145,76)
(146,76)
(147,76)
(148,76)
(149,76)
(150,76)
(151,76)
(152,76)
(153,76)
(154,76)
(80,77)
(86,77)
(87,77)
(88,77)
(89,77)
(90,77)
(91,77)
(92,77)
(93,77)
(94,77)
(95,77)
(96,77)
(97,77)
(98,77)
(99,77)
(100,77)
(101,77)
(102,77)
(103,77)
(104,77)
(105,77)
(113,77)
(114,77)
(115,77)
(116,77)
(117,77)
(118,77)
(126,77)
(127,77)
(128,77)
(129,77)
(130,77)
(131,77)
(132,77)
(133,77)
(134,77)
(135,77)
(136,77)
(137,77)
(138,77)
(139,77)
(140,77)
(141,77)
(142,77)
(143,77)
(144,77)
(145,77)
(146,77)
(147,77)
(148,77)
(149,77)
(150,77)
(151,77)
(152,77)
(153,77)
(154,77)
(80,78)
(86,78)
(87,78)
(88,78)
(89,78)
(90,78)
(91,78)
(92,78)
(93,78)
(94,78)
(95,78)
(96,78)
(97,78)
(98,78)
(99,78)
(100,78)
(101,78)
(102,78)
(103,78)
(104,78)
(105,78)
(113,78)
(114,78)
(115,78)
(116,78)
(117,78)
(118,78)
(126,78)
(127,78)
(128,78)
(129,78)
(130,78)
(131,78)
(132,78)
(133,78)
(134,78)
(135,78)
(136,78)
(137,78)
(138,78)
(139,78)
(140,78)
(141,78)
(142,78)
(143,78)
(144,78)
(145,78)
(146,78)
(147,78)
(148,78)
(149,78)
(150,78)
(151,78)
(152,78)
(153,78)
(154,78)
(80,79)
(86,79)
(87,79)
(88,79)
(89,79)
(90,79)
(91,79)
(92,79)
(93,79)
(94,79)
(95,79)
(96,79)
(97,79)
(98,79)
(99,79)
(100,79)
(101,79)
(102,79)
(103,79)
(104,79)
(105,79)
(113,79)
(114,79)
(115,79)
(116,79)
(117,79)
(118,79)
(127,79)
(128,79)
(129,79)
(130,79)
(131,79)
(139,79)
(140,79)
(141,79)
(142,79)
(143,79)
(144,79)
(145,79)
(146,79)
(147,79)
(148,79)
(149,79)
(150,79)
(151,79)
(152,79)
(153,79)
(154,79)
(80,80)
(86,80)
(87,80)
(88,80)
(89,80)
(90,80)
(91,80)
(92,80)
(93,80)
(94,80)
(95,80)
(96,80)
(97,80)
(98,80)
(99,80)
(100,80)
(101,80)
(102,80)
(103,80)
(104,80)
(105,80)
(113,80)
(114,80)
(115,80)
(116,80)
(117,80)
(118,80)
(127,80)
(128,80)
(129,80)
(130,80)
(131,80)
(144,80)
(145,80)
(146,80)
(150,80)
(151,80)
(152,80)
(153,80)
(154,80)
(86,81)
(87,81)
(88,81)
(89,81)
(90,81)
(91,81)
(92,81)
(93,81)
(94,81)
(95,81)
(96,81)
(97,81)
(98,81)
(99,81)
(100,81)
(101,81)
(102,81)
(103,81)
(104,81)
(105,81)
(113,81)
(114,81)
(115,81)
(116,81)
(117,81)
(118,81)
(127,81)
(128,81)
(129,81)
(130,81)
(131,81)
(144,81)
(145,81)
(146,81)
(86,82)
(87,82)
(88,82)
(89,82)
(90,82)
(91,82)
(92,82)
(93,82)
(94,82)
(95,82)
(96,82)
(97,82)
(98,82)
(99,82)
(100,82)
(101,82)
(102,82)
(103,82)
(104,82)
(113,82)
(114,82)
(115,82)
(116,82)
(117,82)
(118,82)
(127,82)
(128,82)
(129,82)
(130,82)
(131,82)
(144,82)
(145,82)
(146,82)
(86,83)
(87,83)
(88,83)
(89,83)
(90,83)
(91,83)
(92,83)
(93,83)
(94,83)
(95,83)
(96,83)
(97,83)
(98,83)
(99,83)
(100,83)
(101,83)
(102,83)
(103,83)
(104,83)
(113,83)
(114,83)
(115,83)
(116,83)
(117,83)
(118,83)
(126,83)
(127,83)
(128,83)
(129,83)
(130,83)
(131,83)
(144,83)
(145,83)
(146,83)
(86,84)
(87,84)
(88,84)
(89,84)
(90,84)
(91,84)
(92,84)
(93,84)
(94,84)
(95,84)
(96,84)
(97,84)
(98,84)
(99,84)
(100,84)
(101,84)
(102,84)
(103,84)
(104,84)
(113,84)
(114,84)
(115,84)
(116,84)
(117,84)
(118,84)
(127,84)
(128,84)
(129,84)
(130,84)
(131,84)
(144,84)
(145,84)
(146,84)
(86,85)
(87,85)
(88,85)
(89,85)
(90,85)
(91,85)
(92,85)
(93,85)
(94,85)
(95,85)
(96,85)
(97,85)
(98,85)
(99,85)
(100,85)
(101,85)
(102,85)
(103,85)
(104,85)
(113,85)
(114,85)
(115,85)
(116,85)
(117,85)
(118,85)
(127,85)
(128,85)
(129,85)
(130,85)
(131,85)
(143,85)
(144,85)
(145,85)
(146,85)
(150,85)
(151,85)
(152,85)
(90,86)
(91,86)
(92,86)
(93,86)
(94,86)
(95,86)
(96,86)
(97,86)
(98,86)
(99,86)
(100,86)
(101,86)
(102,86)
(103,86)
(104,86)
(113,86)
(114,86)
(115,86)
(116,86)
(117,86)
(118,86)
(127,86)
(128,86)
(129,86)
(130,86)
(131,86)
(132,86)
(133,86)
(134,86)
(135,86)
(136,86)
(137,86)
(143,86)
(144,86)
(145,86)
(146,86)
(150,86)
(151,86)
(152,86)
(90,87)
(91,87)
(92,87)
(93,87)
(94,87)
(95,87)
(96,87)
(97,87)
(98,87)
(99,87)
(100,87)
(101,87)
(102,87)
(103,87)
(104,87)
(113,87)
(114,87)
(115,87)
(116,87)
(117,87)
(118,87)
(127,87)
(128,87)
(129,87)
(130,87)
(131,87)
(132,87)
(133,87)
(134,87)
(135,87)
(136,87)
(137,87)
(138,87)
(139,87)
(140,87)
(141,87)
(142,87)
(143,87)
(144,87)
(145,87)
(146,87)
(147,87)
(148,87)
(149,87)
(150,87)
(151,87)
(152,87)
(153,87)
(90,88)
(91,88)
(92,88)
(93,88)
(94,88)
(95,88)
(96,88)
(97,88)
(98,88)
(99,88)
(100,88)
(101,88)
(102,88)
(103,88)
(104,88)
(113,88)
(114,88)
(115,88)
(116,88)
(117,88)
(118,88)
(119,88)
(120,88)
(126,88)
(127,88)
(128,88)
(129,88)
(130,88)
(131,88)
(132,88)
(133,88)
(134,88)
(135,88)
(136,88)
(137,88)
(138,88)
(139,88)
(140,88)
(141,88)
(142,88)
(143,88)
(144,88)
(145,88)
(146,88)
(147,88)
(148,88)
(149,88)
(150,88)
(151,88)
(152,88)
(153,88)
(90,89)
(91,89)
(92,89)
(93,89)
(94,89)
(95,89)
(96,89)
(97,89)
(98,89)
(99,89)
(100,89)
(101,89)
(102,89)
(103,89)
(104,89)
(113,89)
(114,89)
(115,89)
(116,89)
(117,89)
(118,89)
(119,89)
(120,89)
(121,89)
(122,89)
(123,89)
(124,89)
(125,89)
(126,89)
(127,89)
(128,89)
(129,89)
(130,89)
(131,89)
(132,89)
(133,89)
(134,89)
(135,89)
(136,89)
(137,89)
(138,89)
(139,89)
(140,89)
(141,89)
(142,89)
(143,89)
(144,89)
(145,89)
(146,89)
(147,89)
(148,89)
(149,89)
(150,89)
(151,89)
(152,89)
(153,89)
(86,90)
(87,90)
(88,90)
(89,90)
(90,90)
(91,90)
(92,90)
(93,90)
(94,90)
(95,90)
(96,90)
(97,90)
(98,90)
(99,90)
(100,90)
(101,90)
(102,90)
(103,90)
(104,90)
(113,90)
(114,90)
(115,90)
(116,90)
(117,90)
(118,90)
(119,90)
(120,90)
(121,90)
(122,90)
(123,90)
(124,90)
(125,90)
(126,90)
(127,90)
(128,90)
(129,90)
(130,90)
(131,90)
(132,90)
(133,90)
(134,90)
(135,90)
(136,90)
(137,90)
(138,90)
(139,90)
(140,90)
(141,90)
(142,90)
(143,90)
(144,90)
(145,90)
(146,90)
(147,90)
(148,90)
(149,90)
(150,90)
(151,90)
(152,90)
(153,90)
(88,91)
(89,91)
(90,91)
(91,91)
(92,91)
(93,91)
(94,91)
(95,91)
(96,91)
(97,91)
(98,91)
(99,91)
(100,91)
(101,91)
(102,91)
(103,91)
(104,91)
(113,91)
(114,91)
(115,91)
(116,91)
(117,91)
(118,91)
(119,91)
(120,91)
(121,91)
(122,91)
(123,91)
(124,91)
(125,91)
(126,91)
(127,91)
(128,91)
(129,91)
(130,91)
(131,91)
(132,91)
(133,91)
(134,91)
(135,91)
(136,91)
(137,91)
(138,91)
(139,91)
(140,91)
(141,91)
(142,91)
(143,91)
(144,91)
(145,91)
(146,91)
(147,91)
(148,91)
(149,91)
(150,91)
(151,91)
(152,91)
(153,91)
(89,92)
(90,92)
(91,92)
(92,92)
(93,92)
(94,92)
(95,92)
(96,92)
(97,92)
(98,92)
(99,92)
(100,92)
(101,92)
(102,92)
(103,92)
(104,92)
(113,92)
(114,92)
(115,92)
(116,92)
(117,92)
(118,92)
(119,92)
(120,92)
(121,92)
(122,92)
(123,92)
(124,92)
(125,92)
(126,92)
(127,92)
(128,92)
(129,92)
(130,92)
(131,92)
(143,92)
(144,92)
(145,92)
(146,92)
(147,92)
(148,92)
(149,92)
(150,92)
(151,92)
(152,92)
(153,92)
(89,93)
(90,93)
(91,93)
(92,93)
(93,93)
(94,93)
(95,93)
(96,93)
(97,93)
(98,93)
(99,93)
(100,93)
(101,93)
(102,93)
(103,93)
(104,93)
(113,93)
(114,93)
(115,93)
(116,93)
(117,93)
(118,93)
(119,93)
(120,93)
(121,93)
(122,93)
(123,93)
(124,93)
(125,93)
(126,93)
(127,93)
(128,93)
(129,93)
(130,93)
(131,93)
(143,93)
(144,93)
(145,93)
(146,93)
(89,94)
(90,94)
(91,94)
(92,94)
(93,94)
(94,94)
(95,94)
(96,94)
(97,94)
(98,94)
(99,94)
(100,94)
(101,94)
(102,94)
(103,94)
(104,94)
(105,94)
(113,94)
(114,94)
(115,94)
(116,94)
(117,94)
(118,94)
(119,94)
(120,94)
(121,94)
(122,94)
(123,94)
(124,94)
(125,94)
(126,94)
(127,94)
(128,94)
(129,94)
(130,94)
(131,94)
(143,94)
(144,94)
(145,94)
(146,94)
(89,95)
(90,95)
(91,95)
(92,95)
(93,95)
(94,95)
(95,95)
(96,95)
(97,95)
(98,95)
(99,95)
(100,95)
(101,95)
(102,95)
(103,95)
(104,95)
(105,95)
(113,95)
(114,95)
(115,95)
(116,95)
(117,95)
(118,95)
(119,95)
(120,95)
(121,95)
(122,95)
(123,95)
(124,95)
(125,95)
(126,95)
(127,95)
(128,95)
(129,95)
(130,95)
(131,95)
(143,95)
(144,95)
(145,95)
(146,95)
(85,96)
(86,96)
(87,96)
(88,96)
(89,96)
(90,96)
(91,96)
(92,96)
(93,96)
(94,96)
(95,96)
(96,96)
(97,96)
(98,96)
(99,96)
(100,96)
(101,96)
(102,96)
(103,96)
(104,96)
(105,96)
(106,96)
(107,96)
(108,96)
(109,96)
(110,96)
(111,96)
(112,96)
(113,96)
(114,96)
(115,96)
(116,96)
(117,96)
(118,96)
(126,96)
(127,96)
(128,96)
(129,96)
(130,96)
(131,96)
(143,96)
(144,96)
(145,96)
(146,96)
(85,97)
(86,97)
(87,97)
(88,97)
(89,97)
(90,97)
(91,97)
(92,97)
(93,97)
(94,97)
(95,97)
(96,97)
(97,97)
(98,97)
(99,97)
(100,97)
(101,97)
(102,97)
(103,97)
(104,97)
(105,97)
(106,97)
(107,97)
(108,97)
(109,97)
(110,97)
(111,97)
(112,97)
(113,97)
(114,97)
(115,97)
(116,97)
(117,97)
(118,97)
(127,97)
(128,97)
(129,97)
(130,97)
(131,97)
(143,97)
(144,97)
(145,97)
(146,97)
(100,98)
(101,98)
(102,98)
(103,98)
(104,98)
(105,98)
(106,98)
(107,98)
(108,98)
(109,98)
(110,98)
(111,98)
(112,98)
(113,98)
(114,98)
(115,98)
(116,98)
(117,98)
(127,98)
(128,98)
(129,98)
(130,98)
(131,98)
(143,98)
(144,98)
(145,98)
(146,98)
(100,99)
(101,99)
(102,99)
(103,99)
(104,99)
(105,99)
(106,99)
(107,99)
(108,99)
(109,99)
(110,99)
(111,99)
(112,99)
(113,99)
(114,99)
(115,99)
(116,99)
(117,99)
(127,99)
(128,99)
(129,99)
(130,99)
(131,99)
(132,99)
(143,99)
(144,99)
(145,99)
(146,99)
(101,100)
(102,100)
(103,100)
(104,100)
(105,100)
(106,100)
(107,100)
(108,100)
(109,100)
(110,100)
(111,100)
(112,100)
(113,100)
(114,100)
(115,100)
(116,100)
(117,100)
(127,100)
(128,100)
(129,100)
(130,100)
(131,100)
(132,100)
(143,100)
(144,100)
(145,100)
(146,100)
(101,101)
(102,101)
(103,101)
(104,101)
(105,101)
(106,101)
(107,101)
(108,101)
(109,101)
(110,101)
(111,101)
(112,101)
(113,101)
(114,101)
(115,101)
(116,101)
(117,101)
(126,101)
(127,101)
(128,101)
(129,101)
(130,101)
(131,101)
(132,101)
(143,101)
(144,101)
(145,101)
(146,101)
(101,102)
(102,102)
(103,102)
(104,102)
(105,102)
(106,102)
(107,102)
(108,102)
(109,102)
(110,102)
(111,102)
(112,102)
(113,102)
(114,102)
(115,102)
(116,102)
(117,102)
(118,102)
(126,102)
(127,102)
(128,102)
(129,102)
(130,102)
(131,102)
(132,102)
(143,102)
(144,102)
(145,102)
(146,102)
(86,103)
(87,103)
(88,103)
(89,103)
(90,103)
(91,103)
(92,103)
(93,103)
(94,103)
(95,103)
(96,103)
(97,103)
(98,103)
(99,103)
(100,103)
(101,103)
(102,103)
(103,103)
(104,103)
(105,103)
(106,103)
(107,103)
(108,103)
(109,103)
(110,103)
(111,103)
(112,103)
(113,103)
(114,103)
(115,103)
(116,103)
(117,103)
(118,103)
(127,103)
(128,103)
(129,103)
(130,103)
(131,103)
(132,103)
(142,103)
(143,103)
(144,103)
(145,103)
(146,103)
(147,103)
(148,103)
(149,103)
(150,103)
(151,103)
(152,103)
(153,103)
(86,104)
(87,104)
(88,104)
(89,104)
(90,104)
(91,104)
(92,104)
(93,104)
(94,104)
(95,104)
(96,104)
(97,104)
(98,104)
(99,104)
(100,104)
(101,104)
(102,104)
(103,104)
(104,104)
(105,104)
(106,104)
(107,104)
(108,104)
(109,104)
(110,104)
(111,104)
(112,104)
(113,104)
(114,104)
(115,104)
(116,104)
(117,104)
(127,104)
(128,104)
(129,104)
(130,104)
(131,104)
(132,104)
(133,104)
(134,104)
(135,104)
(136,104)
(137,104)
(138,104)
(139,104)
(140,104)
(141,104)
(142,104)
(143,104)
(144,104)
(145,104)
(146,104)
(147,104)
(148,104)
(149,104)
(150,104)
(151,104)
(152,104)
(153,104)
(154,104)
(86,105)
(87,105)
(88,105)
(89,105)
(90,105)
(91,105)
(92,105)
(93,105)
(94,105)
(95,105)
(96,105)
(97,105)
(98,105)
(99,105)
(100,105)
(101,105)
(102,105)
(103,105)
(104,105)
(105,105)
(106,105)
(107,105)
(108,105)
(109,105)
(110,105)
(111,105)
(112,105)
(113,105)
(114,105)
(115,105)
(116,105)
(117,105)
(127,105)
(128,105)
(129,105)
(130,105)
(131,105)
(132,105)
(133,105)
(134,105)
(135,105)
(136,105)
(137,105)
(138,105)
(139,105)
(140,105)
(141,105)
(142,105)
(143,105)
(144,105)
(145,105)
(146,105)
(147,105)
(148,105)
(149,105)
(150,105)
(151,105)
(152,105)
(153,105)
(154,105)
(89,106)
(90,106)
(91,106)
(92,106)
(93,106)
(94,106)
(95,106)
(96,106)
(97,106)
(98,106)
(99,106)
(100,106)
(101,106)
(102,106)
(103,106)
(104,106)
(105,106)
(106,106)
(107,106)
(108,106)
(109,106)
(110,106)
(111,106)
(112,106)
(113,106)
(114,106)
(115,106)
(116,106)
(117,106)
(126,106)
(127,106)
(128,106)
(129,106)
(130,106)
(131,106)
(132,106)
(133,106)
(134,106)
(135,106)
(136,106)
(137,106)
(138,106)
(139,106)
(140,106)
(141,106)
(142,106)
(143,106)
(144,106)
(145,106)
(146,106)
(147,106)
(148,106)
(149,106)
(150,106)
(151,106)
(152,106)
(153,106)
(154,106)
(90,107)
(91,107)
(92,107)
(93,107)
(94,107)
(95,107)
(96,107)
(97,107)
(98,107)
(99,107)
(100,107)
(101,107)
(102,107)
(103,107)
(104,107)
(105,107)
(106,107)
(107,107)
(108,107)
(109,107)
(110,107)
(111,107)
(112,107)
(113,107)
(114,107)
(115,107)
(116,107)
(117,107)
(118,107)
(126,107)
(127,107)
(128,107)
(129,107)
(130,107)
(131,107)
(132,107)
(133,107)
(134,107)
(135,107)
(136,107)
(137,107)
(138,107)
(139,107)
(140,107)
(141,107)
(142,107)
(143,107)
(144,107)
(145,107)
(146,107)
(147,107)
(148,107)
(149,107)
(150,107)
(151,107)
(152,107)
(153,107)
(154,107)
(90,108)
(91,108)
(92,108)
(93,108)
(94,108)
(95,108)
(96,108)
(97,108)
(98,108)
(99,108)
(100,108)
(101,108)
(102,108)
(103,108)
(104,108)
(105,108)
(106,108)
(112,108)
(113,108)
(114,108)
(115,108)
(116,108)
(117,108)
(118,108)
(126,108)
(127,108)
(128,108)
(129,108)
(130,108)
(131,108)
(132,108)
(133,108)
(134,108)
(135,108)
(136,108)
(137,108)
(138,108)
(139,108)
(140,108)
(141,108)
(142,108)
(143,108)
(144,108)
(145,108)
(146,108)
(147,108)
(148,108)
(149,108)
(150,108)
(151,108)
(152,108)
(153,108)
(90,109)
(91,109)
(92,109)
(93,109)
(94,109)
(95,109)
(96,109)
(97,109)
(98,109)
(99,109)
(100,109)
(101,109)
(102,109)
(103,109)
(104,109)
(112,109)
(113,109)
(114,109)
(115,109)
(116,109)
(117,109)
(118,109)
(119,109)
(120,109)
(121,109)
(122,109)
(123,109)
(124,109)
(125,109)
(126,109)
(127,109)
(128,109)
(129,109)
(130,109)
(131,109)
(132,109)
(133,109)
(134,109)
(135,109)
(136,109)
(137,109)
(138,109)
(139,109)
(140,109)
(141,109)
(142,109)
(143,109)
(144,109)
(145,109)
(146,109)
(147,109)
(148,109)
(149,109)
(150,109)
(151,109)
(152,109)
(153,109)
(85,110)
(86,110)
(87,110)
(88,110)
(89,110)
(90,110)
(91,110)
(92,110)
(93,110)
(94,110)
(95,110)
(96,110)
(97,110)
(98,110)
(99,110)
(100,110)
(101,110)
(102,110)
(103,110)
(104,110)
(112,110)
(113,110)
(114,110)
(115,110)
(116,110)
(117,110)
(118,110)
(119,110)
(120,110)
(121,110)
(122,110)
(123,110)
(124,110)
(125,110)
(126,110)
(127,110)
(128,110)
(129,110)
(130,110)
(131,110)
(132,110)
(133,110)
(134,110)
(135,110)
(136,110)
(137,110)
(138,110)
(139,110)
(140,110)
(141,110)
(142,110)
(143,110)
(144,110)
(145,110)
(146,110)
(147,110)
(148,110)
(149,110)
(150,110)
(151,110)
(152,110)
(153,110)
(85,111)
(86,111)
(87,111)
(88,111)
(89,111)
(90,111)
(91,111)
(92,111)
(93,111)
(94,111)
(95,111)
(96,111)
(97,111)
(98,111)
(99,111)
(100,111)
(101,111)
(102,111)
(103,111)
(104,111)
(111,111)
(112,111)
(113,111)
(114,111)
(115,111)
(116,111)
(117,111)
(118,111)
(119,111)
(120,111)
(121,111)
(122,111)
(123,111)
(124,111)
(125,111)
(126,111)
(127,111)
(128,111)
(129,111)
(130,111)
(131,111)
(132,111)
(133,111)
(134,111)
(135,111)
(136,111)
(137,111)
(138,111)
(139,111)
(140,111)
(141,111)
(142,111)
(143,111)
(144,111)
(145,111)
(146,111)
(147,111)
(148,111)
(149,111)
(150,111)
(151,111)
(152,111)
(153,111)
(89,112)
(90,112)
(91,112)
(92,112)
(93,112)
(94,112)
(95,112)
(96,112)
(97,112)
(98,112)
(99,112)
(100,112)
(101,112)
(102,112)
(103,112)
(104,112)
(111,112)
(112,112)
(113,112)
(114,112)
(115,112)
(116,112)
(117,112)
(118,112)
(119,112)
(120,112)
(121,112)
(122,112)
(123,112)
(124,112)
(125,112)
(126,112)
(127,112)
(128,112)
(129,112)
(130,112)
(131,112)
(141,112)
(142,112)
(143,112)
(144,112)
(145,112)
(146,112)
(147,112)
(148,112)
(149,112)
(150,112)
(151,112)
(152,112)
(153,112)
(89,113)
(90,113)
(91,113)
(92,113)
(93,113)
(94,113)
(95,113)
(96,113)
(97,113)
(98,113)
(99,113)
(100,113)
(101,113)
(102,113)
(103,113)
(104,113)
(111,113)
(112,113)
(113,113)
(114,113)
(115,113)
(116,113)
(117,113)
(118,113)
(119,113)
(120,113)
(121,113)
(122,113)
(123,113)
(124,113)
(125,113)
(126,113)
(127,113)
(128,113)
(129,113)
(130,113)
(131,113)
(142,113)
(143,113)
(144,113)
(145,113)
(146,113)
(153,113)
(89,114)
(90,114)
(91,114)
(92,114)
(93,114)
(94,114)
(95,114)
(96,114)
(97,114)
(98,114)
(99,114)
(100,114)
(101,114)
(102,114)
(103,114)
(104,114)
(111,114)
(112,114)
(113,114)
(114,114)
(115,114)
(116,114)
(117,114)
(118,114)
(119,114)
(120,114)
(121,114)
(122,114)
(123,114)
(124,114)
(125,114)
(126,114)
(127,114)
(128,114)
(129,114)
(130,114)
(131,114)
(142,114)
(143,114)
(144,114)
(145,114)
(146,114)
(89,115)
(90,115)
(91,115)
(92,115)
(93,115)
(94,115)
(95,115)
(96,115)
(97,115)
(98,115)
(99,115)
(100,115)
(101,115)
(102,115)
(103,115)
(104,115)
(111,115)
(112,115)
(113,115)
(114,115)
(115,115)
(116,115)
(117,115)
(118,115)
(119,115)
(120,115)
(121,115)
(122,115)
(123,115)
(124,115)
(125,115)
(126,115)
(127,115)
(128,115)
(129,115)
(130,115)
(131,115)
(132,115)
(142,115)
(143,115)
(144,115)
(145,115)
(146,115)
(85,116)
(86,116)
(87,116)
(88,116)
(89,116)
(90,116)
(91,116)
(92,116)
(93,116)
(94,116)
(95,116)
(96,116)
(97,116)
(98,116)
(99,116)
(100,116)
(101,116)
(102,116)
(103,116)
(104,116)
(111,116)
(112,116)
(113,116)
(114,116)
(115,116)
(116,116)
(117,116)
(118,116)
(119,116)
(120,116)
(121,116)
(122,116)
(123,116)
(124,116)
(125,116)
(126,116)
(127,116)
(128,116)
(129,116)
(130,116)
(131,116)
(132,116)
(142,116)
(143,116)
(144,116)
(145,116)
(146,116)
(159,116)
(85,117)
(86,117)
(87,117)
(88,117)
(89,117)
(90,117)
(91,117)
(92,117)
(93,117)
(94,117)
(95,117)
(96,117)
(97,117)
(98,117)
(99,117)
(100,117)
(101,117)
(102,117)
(103,117)
(104,117)
(111,117)
(112,117)
(113,117)
(114,117)
(115,117)
(116,117)
(117,117)
(118,117)
(119,117)
(120,117)
(121,117)
(122,117)
(123,117)
(124,117)
(125,117)
(126,117)
(127,117)
(128,117)
(129,117)
(130,117)
(131,117)
(132,117)
(141,117)
(142,117)
(143,117)
(144,117)
(145,117)
(146,117)
(85,118)
(86,118)
(87,118)
(88,118)
(89,118)
(90,118)
(91,118)
(92,118)
(93,118)
(94,118)
(95,118)
(96,118)
(97,118)
(98,118)
(99,118)
(100,118)
(101,118)
(102,118)
(103,118)
(104,118)
(111,118)
(112,118)
(113,118)
(114,118)
(115,118)
(116,118)
(117,118)
(118,118)
(119,118)
(120,118)
(121,118)
(122,118)
(123,118)
(124,118)
(125,118)
(126,118)
(127,118)
(128,118)
(129,118)
(130,118)
(131,118)
(132,118)
(141,118)
(142,118)
(143,118)
(144,118)
(145,118)
(146,118)
(85,119)
(86,119)
(87,119)
(88,119)
(89,119)
(90,119)
(91,119)
(92,119)
(93,119)
(94,119)
(95,119)
(96,119)
(97,119)
(98,119)
(99,119)
(100,119)
(101,119)
(102,119)
(103,119)
(104,119)
(111,119)
(112,119)
(113,119)
(114,119)
(115,119)
(116,119)
(117,119)
(118,119)
(119,119)
(120,119)
(121,119)
(122,119)
(123,119)
(124,119)
(125,119)
(126,119)
(127,119)
(128,119)
(129,119)
(130,119)
(131,119)
(132,119)
(141,119)
(142,119)
(143,119)
(144,119)
(145,119)
(146,119)
(85,120)
(86,120)
(87,120)
(88,120)
(89,120)
(90,120)
(91,120)
(92,120)
(93,120)
(94,120)
(95,120)
(96,120)
(97,120)
(98,120)
(99,120)
(100,120)
(101,120)
(102,120)
(103,120)
(104,120)
(111,120)
(112,120)
(113,120)
(114,120)
(115,120)
(116,120)
(117,120)
(118,120)
(119,120)
(120,120)
(121,120)
(122,120)
(123,120)
(124,120)
(125,120)
(126,120)
(127,120)
(128,120)
(129,120)
(130,120)
(131,120)
(132,120)
(141,120)
(142,120)
(143,120)
(144,120)
(145,120)
(146,120)
(84,121)
(99,121)
(100,121)
(101,121)
(102,121)
(103,121)
(104,121)
(111,121)
(112,121)
(113,121)
(114,121)
(115,121)
(116,121)
(117,121)
(118,121)
(119,121)
(120,121)
(121,121)
(122,121)
(123,121)
(124,121)
(125,121)
(126,121)
(127,121)
(128,121)
(129,121)
(130,121)
(131,121)
(132,121)
(141,121)
(142,121)
(143,121)
(144,121)
(145,121)
(146,121)
(84,122)
(100,122)
(101,122)
(102,122)
(103,122)
(104,122)
(111,122)
(112,122)
(113,122)
(114,122)
(115,122)
(116,122)
(117,122)
(118,122)
(119,122)
(120,122)
(121,122)
(122,122)
(123,122)
(124,122)
(125,122)
(126,122)
(127,122)
(128,122)
(129,122)
(130,122)
(131,122)
(132,122)
(141,122)
(142,122)
(143,122)
(144,122)
(145,122)
(146,122)
(84,123)
(100,123)
(101,123)
(102,123)
(103,123)
(104,123)
(110,123)
(111,123)
(112,123)
(113,123)
(114,123)
(115,123)
(116,123)
(117,123)
(118,123)
(119,123)
(120,123)
(121,123)
(122,123)
(123,123)
(124,123)
(125,123)
(126,123)
(127,123)
(128,123)
(129,123)
(130,123)
(131,123)
(132,123)
(137,123)
(138,123)
(139,123)
(140,123)
(141,123)
(142,123)
(143,123)
(144,123)
(145,123)
(146,123)
(147,123)
(148,123)
(84,124)
(85,124)
(100,124)
(101,124)
(102,124)
(103,124)
(104,124)
(110,124)
(111,124)
(112,124)
(113,124)
(114,124)
(115,124)
(116,124)
(117,124)
(118,124)
(119,124)
(120,124)
(121,124)
(122,124)
(123,124)
(124,124)
(125,124)
(126,124)
(127,124)
(128,124)
(129,124)
(130,124)
(131,124)
(132,124)
(133,124)
(134,124)
(135,124)
(136,124)
(137,124)
(138,124)
(139,124)
(140,124)
(141,124)
(142,124)
(143,124)
(144,124)
(145,124)
(146,124)
(147,124)
(148,124)
(149,124)
(150,124)
(151,124)
(159,124)
(100,125)
(101,125)
(102,125)
(103,125)
(110,125)
(111,125)
(112,125)
(113,125)
(114,125)
(115,125)
(116,125)
(117,125)
(118,125)
(119,125)
(120,125)
(121,125)
(122,125)
(123,125)
(124,125)
(125,125)
(126,125)
(127,125)
(128,125)
(129,125)
(130,125)
(131,125)
(132,125)
(133,125)
(134,125)
(135,125)
(136,125)
(137,125)
(138,125)
(139,125)
(140,125)
(141,125)
(142,125)
(143,125)
(144,125)
(145,125)
(146,125)
(147,125)
(148,125)
(149,125)
(150,125)
(151,125)
(152,125)
(153,125)
(154,125)
(159,125)
(110,126)
(111,126)
(112,126)
(113,126)
(114,126)
(115,126)
(116,126)
(117,126)
(118,126)
(119,126)
(120,126)
(121,126)
(122,126)
(123,126)
(124,126)
(125,126)
(126,126)
(127,126)
(128,126)
(129,126)
(130,126)
(131,126)
(132,126)
(133,126)
(134,126)
(135,126)
(136,126)
(137,126)
(138,126)
(139,126)
(140,126)
(141,126)
(142,126)
(143,126)
(144,126)
(145,126)
(146,126)
(147,126)
(148,126)
(149,126)
(150,126)
(151,126)
(152,126)
(153,126)
(154,126)
(159,126)
(89,127)
(90,127)
(91,127)
(98,127)
(110,127)
(111,127)
(112,127)
(113,127)
(114,127)
(115,127)
(116,127)
(117,127)
(118,127)
(119,127)
(120,127)
(121,127)
(122,127)
(123,127)
(124,127)
(125,127)
(126,127)
(127,127)
(128,127)
(129,127)
(130,127)
(131,127)
(132,127)
(133,127)
(134,127)
(135,127)
(136,127)
(137,127)
(138,127)
(139,127)
(140,127)
(141,127)
(142,127)
(143,127)
(144,127)
(145,127)
(146,127)
(147,127)
(148,127)
(154,127)
(159,127)
(89,128)
(90,128)
(91,128)
(97,128)
(98,128)
(110,128)
(111,128)
(112,128)
(113,128)
(114,128)
(115,128)
(116,128)
(117,128)
(118,128)
(119,128)
(120,128)
(121,128)
(122,128)
(123,128)
(124,128)
(125,128)
(126,128)
(127,128)
(128,128)
(129,128)
(130,128)
(131,128)
(132,128)
(133,128)
(134,128)
(135,128)
(136,128)
(137,128)
(138,128)
(139,128)
(140,128)
(141,128)
(142,128)
(143,128)
(144,128)
(145,128)
(146,128)
(147,128)
(159,128)
(89,129)
(90,129)
(91,129)
(97,129)
(98,129)
(130,129)
(131,129)
(132,129)
(133,129)
(134,129)
(135,129)
(136,129)
(137,129)
(138,129)
(139,129)
(140,129)
(141,129)
(142,129)
(143,129)
(144,129)
(145,129)
(146,129)
(147,129)
(159,129)
(141,130)
(142,130)
(143,130)
(144,130)
(145,130)
(146,130)
(147,130)
(159,130)
(159,131)
(80,132)
(159,132)
(80,133)
(81,133)
(82,133)
(83,133)
(84,133)
(85,133)
(86,133)
(87,133)
(88,133)
(89,133)
(90,133)
(91,133)
(159,133)
(80,134)
(81,134)
(82,134)
(83,134)
(84,134)
(85,134)
(86,134)
(87,134)
(88,134)
(89,134)
(90,134)
(91,134)
(92,134)
(93,134)
(94,134)
(95,134)
(96,134)
(97,134)
(98,134)
(99,134)
(100,134)
(101,134)
(102,134)
(103,134)
(112,134)
(113,134)
(114,134)
(115,134)
(159,134)
(80,135)
(81,135)
(82,135)
(83,135)
(84,135)
(85,135)
(86,135)
(87,135)
(88,135)
(89,135)
(90,135)
(91,135)
(92,135)
(93,135)
(94,135)
(95,135)
(96,135)
(97,135)
(98,135)
(99,135)
(100,135)
(101,135)
(102,135)
(103,135)
(104,135)
(105,135)
(106,135)
(107,135)
(108,135)
(109,135)
(110,135)
(111,135)
(112,135)
(113,135)
(114,135)
(115,135)
(116,135)
(117,135)
(118,135)
(119,135)
(120,135)
(121,135)
(122,135)
(123,135)
(124,135)
(125,135)
(126,135)
(127,135)
(128,135)
(129,135)
(130,135)
(131,135)
(159,135)
