(83,54)
(84,54)
(85,54)
(86,54)
(87,54)
(88,54)
(89,54)
(90,54)
(91,54)
(92,54)
(108,54)
(109,54)
(110,54)
(111,54)
(112,54)
(113,54)
(114,54)
(115,54)
(116,54)
(117,54)
(118,54)
(119,54)
(120,54)
(121,54)
(122,54)
(123,54)
(124,54)
(125,54)
(126,54)
(127,54)
(128,54)
(129,54)
(130,54)
(131,54)
(132,54)
(133,54)
(134,54)
(135,54)
(83,55)
(84,55)
(85,55)
(86,55)
(87,55)
(88,55)
(89,55)
(90,55)
(91,55)
(92,55)
(93,55)
(94,55)
(95,55)
(96,55)
(97,55)
(98,55)
(99,55)
(100,55)
(101,55)
(102,55)
(103,55)
(104,55)
(105,55)
(108,55)
(109,55)
(110,55)
(111,55)
(112,55)
(113,55)
(114,55)
(115,55)
(116,55)
(117,55)
(118,55)
(119,55)
(120,55)
(121,55)
(122,55)
(123,55)
(124,55)
(125,55)
(126,55)
(127,55)
(128,55)
(129,55)
(130,55)
(131,55)
(132,55)
(133,55)
(134,55)
(135,55)
(136,55)
(137,55)
(138,55)
(139,55)
(140,55)
(141,55)
(142,55)
(143,55)
(144,55)
(145,55)
(146,55)
(83,56)
(84,56)
(85,56)
(86,56)
(87,56)
(88,56)
(89,56)
(90,56)
(91,56)
(92,56)
(93,56)
(94,56)
(95,56)
(96,56)
(97,56)
(98,56)
(99,56)
(100,56)
(101,56)
(102,56)
(103,56)
(104,56)
(105,56)
(106,56)
(107,56)
(108,56)
(109,56)
(110,56)
(111,56)
(112,56)
(113,56)
(114,56)
(115,56)
(116,56)
(117,56)
(118,56)
(119,56)
(120,56)
(121,56)
(122,56)
(123,56)
(124,56)
(125,56)
(126,56)
(127,56)
(128,56)
(129,56)
(130,56)
(131,56)
(132,56)
(133,56)
(134,56)
(135,56)
(136,56)
(137,56)
(138,56)
(139,56)
(140,56)
(141,56)
(142,56)
(143,56)
(144,56)
(145,56)
(146,56)
(147,56)
(148,56)
(149,56)
(150,56)
(151,56)
(152,56)
(153,56)
(154,56)
(155,56)
(156,56)
(157,56)
(158,56)
(159,56)
(83,57)
(84,57)
(85,57)
(86,57)
(87,57)
(88,57)
(89,57)
(90,57)
(91,57)
(92,57)
(93,57)
(94,57)
(95,57)
(96,57)
(97,57)
(98,57)
(99,57)
(100,57)
(101,57)
(102,57)
(103,57)
(104,57)
(105,57)
(106,57)
(107,57)
(108,57)
(109,57)
(110,57)
(111,57)
(112,57)
(113,57)
(114,57)
(115,57)
(116,57)
(117,57)
(118,57)
(119,57)
(120,57)
(121,57)
(122,57)
(123,57)
(124,57)
(125,57)
(126,57)
(127,57)
(128,57)
(129,57)
(130,57)
(131,57)
(132,57)
(133,57)
(134,57)
(135,57)
(136,57)
(137,57)
(138,57)
(139,57)
(140,57)
(141,57)
(142,57)
(143,57)
(144,57)
(145,57)
(146,57)
(147,57)
(148,57)
(149,57)
(150,57)
(151,57)
(152,57)
(153,57)
(154,57)
(155,57)
(156,57)
(157,57)
(158,57)
(159,57)
(83,58)
(84,58)
(85,58)
(98,58)
(99,58)
(100,58)
(101,58)
(102,58)
(103,58)
(104,58)
(105,58)
(106,58)
(107,58)
(108,58)
(109,58)
(110,58)
(111,58)
(112,58)
(114,58)
(115,58)
(116,58)
(117,58)
(118,58)
(119,58)
(120,58)
(121,58)
(122,58)
(123,58)
(124,58)
(125,58)
(126,58)
(127,58)
(128,58)
(129,58)
(130,58)
(131,58)
(132,58)
(133,58)
(134,58)
(135,58)
(136,58)
(137,58)
(138,58)
(139,58)
(140,58)
(141,58)
(142,58)
(143,58)
(144,58)
(145,58)
(146,58)
(147,58)
(148,58)
(149,58)
(150,58)
(151,58)
(152,58)
(153,58)
(154,58)
(155,58)
(156,58)
(157,58)
(158,58)
(159,58)
(83,59)
(84,59)
(85,59)
(105,59)
(106,59)
(107,59)
(108,59)
(109,59)
(110,59)
(111,59)
(112,59)
(121,59)
(122,59)
(123,59)
(124,59)
(125,59)
(126,59)
(127,59)
(128,59)
(129,59)
(130,59)
(131,59)
(132,59)
(133,59)
(134,59)
(135,59)
(136,59)
(137,59)
(138,59)
(139,59)
(140,59)
(141,59)
(142,59)
(143,59)
(144,59)
(145,59)
(146,59)
(147,59)
(148,59)
(149,59)
(150,59)
(151,59)
(152,59)
(153,59)
(154,59)
(155,59)
(156,59)
(157,59)
(158,59)
(159,59)
(82,60)
(83,60)
(84,60)
(85,60)
(92,60)
(93,60)
(94,60)
(95,60)
(100,60)
(101,60)
(102,60)
(105,60)
(106,60)
(107,60)
(108,60)
(109,60)
(110,60)
(111,60)
(112,60)
(121,60)
(122,60)
(123,60)
(124,60)
(125,60)
(126,60)
(134,60)
(135,60)
(136,60)
(137,60)
(138,60)
(139,60)
(140,60)
(141,60)
(142,60)
(143,60)
(144,60)
(145,60)
(146,60)
(147,60)
(148,60)
(149,60)
(150,60)
(151,60)
(152,60)
(153,60)
(154,60)
(155,60)
(156,60)
(157,60)
(158,60)
(159,60)
(82,61)
(83,61)
(84,61)
(85,61)
(92,61)
(93,61)
(94,61)
(95,61)
(99,61)
(100,61)
(101,61)
(102,61)
(103,61)
(105,61)
(106,61)
(107,61)
(108,61)
(109,61)
(110,61)
(111,61)
(112,61)
(121,61)
(122,61)
(123,61)
(124,61)
(125,61)
(126,61)
(133,61)
(134,61)
(135,61)
(136,61)
(137,61)
(138,61)
(139,61)
(140,61)
(141,61)
(142,61)
(143,61)
(149,61)
(150,61)
(151,61)
(152,61)
(153,61)
(154,61)
(155,61)
(156,61)
(157,61)
(158,61)
(159,61)
(82,62)
(83,62)
(84,62)
(85,62)
(92,62)
(93,62)
(94,62)
(95,62)
(99,62)
(100,62)
(101,62)
(102,62)
(103,62)
(105,62)
(106,62)
(107,62)
(108,62)
(109,62)
(110,62)
(111,62)
(112,62)
(121,62)
(122,62)
(123,62)
(124,62)
(125,62)
(133,62)
(134,62)
(135,62)
(136,62)
(137,62)
(138,62)
(139,62)
(140,62)
(141,62)
(142,62)
(143,62)
(148,62)
(149,62)
(150,62)
(151,62)
(152,62)
(153,62)
(154,62)
(155,62)
(156,62)
(157,62)
(158,62)
(159,62)
(82,63)
(83,63)
(84,63)
(85,63)
(90,63)
(91,63)
(92,63)
(93,63)
(99,63)
(100,63)
(101,63)
(102,63)
(103,63)
(104,63)
(106,63)
(107,63)
(108,63)
(109,63)
(110,63)
(111,63)
(112,63)
(121,63)
(122,63)
(123,63)
(124,63)
(125,63)
(133,63)
(134,63)
(135,63)
(136,63)
(137,63)
(139,63)
(140,63)
(141,63)
(142,63)
(143,63)
(148,63)
(149,63)
(150,63)
(151,63)
(152,63)
(153,63)
(154,63)
(155,63)
(156,63)
(157,63)
(158,63)
(159,63)
(82,64)
(83,64)
(84,64)
(85,64)
(86,64)
(87,64)
(88,64)
(89,64)
(90,64)
(91,64)
(92,64)
(93,64)
(100,64)
(101,64)
(102,64)
(103,64)
(104,64)
(107,64)
(108,64)
(109,64)
(110,64)
(111,64)
(112,64)
(121,64)
(122,64)
(123,64)
(124,64)
(125,64)
(133,64)
(134,64)
(135,64)
(136,64)
(137,64)
(139,64)
(140,64)
(141,64)
(142,64)
(148,64)
(149,64)
(150,64)
(151,64)
(152,64)
(153,64)
(154,64)
(155,64)
(156,64)
(157,64)
(158,64)
(159,64)
(82,65)
(83,65)
(84,65)
(85,65)
(86,65)
(87,65)
(88,65)
(89,65)
(90,65)
(91,65)
(92,65)
(93,65)
(100,65)
(101,65)
(102,65)
(103,65)
(104,65)
(107,65)
(108,65)
(109,65)
(110,65)
(111,65)
(112,65)
(121,65)
(122,65)
(123,65)
(124,65)
(125,65)
(126,65)
(133,65)
(134,65)
(135,65)
(136,65)
(137,65)
(139,65)
(140,65)
(141,65)
(142,65)
(148,65)
(149,65)
(150,65)
(151,65)
(154,65)
(155,65)
(156,65)
(157,65)
(158,65)
(159,65)
(82,66)
(83,66)
(84,66)
(85,66)
(86,66)
(87,66)
(88,66)
(89,66)
(90,66)
(91,66)
(92,66)
(93,66)
(100,66)
(101,66)
(102,66)
(103,66)
(104,66)
(105,66)
(106,66)
(107,66)
(108,66)
(109,66)
(110,66)
(111,66)
(112,66)
(121,66)
(122,66)
(123,66)
(124,66)
(125,66)
(126,66)
(139,66)
(140,66)
(141,66)
(142,66)
(148,66)
(149,66)
(150,66)
(151,66)
(154,66)
(155,66)
(156,66)
(157,66)
(158,66)
(159,66)
(82,67)
(83,67)
(84,67)
(85,67)
(86,67)
(87,67)
(88,67)
(89,67)
(90,67)
(91,67)
(92,67)
(93,67)
(100,67)
(101,67)
(102,67)
(103,67)
(104,67)
(105,67)
(106,67)
(107,67)
(108,67)
(109,67)
(110,67)
(111,67)
(112,67)
(121,67)
(122,67)
(123,67)
(124,67)
(125,67)
(126,67)
(156,67)
(157,67)
(158,67)
(159,67)
(82,68)
(83,68)
(84,68)
(85,68)
(90,68)
(91,68)
(92,68)
(93,68)
(100,68)
(101,68)
(102,68)
(103,68)
(104,68)
(105,68)
(106,68)
(107,68)
(108,68)
(109,68)
(110,68)
(111,68)
(112,68)
(156,68)
(157,68)
(158,68)
(159,68)
(82,69)
(83,69)
(84,69)
(85,69)
(90,69)
(91,69)
(92,69)
(93,69)
(100,69)
(101,69)
(102,69)
(103,69)
(104,69)
(105,69)
(106,69)
(107,69)
(108,69)
(109,69)
(110,69)
(111,69)
(112,69)
(156,69)
(157,69)
(158,69)
(159,69)
(82,70)
(83,70)
(84,70)
(85,70)
(90,70)
(91,70)
(92,70)
(93,70)
(94,70)
(95,70)
(96,70)
(100,70)
(101,70)
(102,70)
(103,70)
(104,70)
(107,70)
(108,70)
(109,70)
(110,70)
(111,70)
(112,70)
(156,70)
(157,70)
(158,70)
(159,70)
(81,71)
(82,71)
(83,71)
(84,71)
(85,71)
(91,71)
(92,71)
(93,71)
(94,71)
(95,71)
(96,71)
(98,71)
(99,71)
(100,71)
(101,71)
(102,71)
(103,71)
(107,71)
(108,71)
(109,71)
(110,71)
(111,71)
(112,71)
(156,71)
(157,71)
(158,71)
(159,71)
(81,72)
(82,72)
(83,72)
(84,72)
(85,72)
(91,72)
(92,72)
(93,72)
(94,72)
(95,72)
(96,72)
(98,72)
(99,72)
(100,72)
(101,72)
(102,72)
(103,72)
(106,72)
(107,72)
(108,72)
(109,72)
(110,72)
(111,72)
(112,72)
(155,72)
(156,72)
(157,72)
(158,72)
(159,72)
(81,73)
(82,73)
(83,73)
(84,73)
(85,73)
(91,73)
(92,73)
(93,73)
(94,73)
(95,73)
(98,73)
(99,73)
(100,73)
(101,73)
(102,73)
(103,73)
(106,73)
(107,73)
(108,73)
(109,73)
(110,73)
(111,73)
(112,73)
(155,73)
(156,73)
(157,73)
(158,73)
(159,73)
(81,74)
(82,74)
(83,74)
(84,74)
(85,74)
(106,74)
(107,74)
(108,74)
(109,74)
(110,74)
(111,74)
(112,74)
(155,74)
(156,74)
(157,74)
(158,74)
(159,74)
(81,75)
(82,75)
(83,75)
(84,75)
(85,75)
(106,75)
(107,75)
(108,75)
(109,75)
(110,75)
(111,75)
(112,75)
(155,75)
(156,75)
(157,75)
(158,75)
(159,75)
(81,76)
(82,76)
(83,76)
(84,76)
(85,76)
(106,76)
(107,76)
(108,76)
(109,76)
(110,76)
(111,76)
(112,76)
(119,76)
(120,76)
(121,76)
(122,76)
(123,76)
(124,76)
(125,76)
(155,76)
(156,76)
(157,76)
(158,76)
(159,76)
(81,77)
(82,77)
(83,77)
(84,77)
(85,77)
(106,77)
(107,77)
(108,77)
(109,77)
(110,77)
(111,77)
(112,77)
(119,77)
(120,77)
(121,77)
(122,77)
(123,77)
(124,77)
(125,77)
(155,77)
(156,77)
(157,77)
(158,77)
(159,77)
(81,78)
(82,78)
(83,78)
(84,78)
(85,78)
(106,78)
(107,78)
(108,78)
(109,78)
(110,78)
(111,78)
(112,78)
(119,78)
(120,78)
(121,78)
(122,78)
(123,78)
(124,78)
(125,78)
(155,78)
(156,78)
(157,78)
(158,78)
(159,78)
(81,79)
(82,79)
(83,79)
(84,79)
(85,79)
(106,79)
(107,79)
(108,79)
(109,79)
(110,79)
(111,79)
(112,79)
(119,79)
(120,79)
(121,79)
(122,79)
(123,79)
(124,79)
(125,79)
(126,79)
(132,79)
(133,79)
(134,79)
(135,79)
(136,79)
(137,79)
(138,79)
(155,79)
(156,79)
(157,79)
(158,79)
(159,79)
(81,80)
(82,80)
(83,80)
(84,80)
(85,80)
(106,80)
(107,80)
(108,80)
(109,80)
(110,80)
(111,80)
(112,80)
(119,80)
(120,80)
(121,80)
(122,80)
(123,80)
(124,80)
(125,80)
(126,80)
(132,80)
(133,80)
(134,80)
(135,80)
(136,80)
(137,80)
(138,80)
(139,80)
(140,80)
(141,80)
(142,80)
(143,80)
(147,80)
(148,80)
(149,80)
(155,80)
(156,80)
(157,80)
(158,80)
(159,80)
(80,81)
(81,81)
(82,81)
(83,81)
(84,81)
(85,81)
(106,81)
(107,81)
(108,81)
(109,81)
(110,81)
(111,81)
(112,81)
(119,81)
(120,81)
(121,81)
(122,81)
(123,81)
(124,81)
(125,81)
(126,81)
(132,81)
(133,81)
(134,81)
(135,81)
(136,81)
(137,81)
(138,81)
(139,81)
(140,81)
(141,81)
(142,81)
(143,81)
(147,81)
(148,81)
(149,81)
(150,81)
(151,81)
(152,81)
(153,81)
(154,81)
(155,81)
(156,81)
(157,81)
(158,81)
(159,81)
(80,82)
(81,82)
(82,82)
(83,82)
(84,82)
(85,82)
(105,82)
(106,82)
(107,82)
(108,82)
(109,82)
(110,82)
(111,82)
(112,82)
(119,82)
(120,82)
(121,82)
(122,82)
(123,82)
(124,82)
(125,82)
(126,82)
(132,82)
(133,82)
(134,82)
(135,82)
(136,82)
(137,82)
(138,82)
(139,82)
(140,82)
(141,82)
(142,82)
(143,82)
(147,82)
(148,82)
(149,82)
(150,82)
(151,82)
(152,82)
(153,82)
(154,82)
(155,82)
(156,82)
(157,82)
(158,82)
(159,82)
(80,83)
(81,83)
(82,83)
(83,83)
(84,83)
(85,83)
(105,83)
(106,83)
(107,83)
(108,83)
(109,83)
(110,83)
(111,83)
(112,83)
(119,83)
(120,83)
(121,83)
(122,83)
(123,83)
(124,83)
(125,83)
(132,83)
(133,83)
(134,83)
(135,83)
(136,83)
(137,83)
(138,83)
(139,83)
(140,83)
(141,83)
(142,83)
(143,83)
(147,83)
(148,83)
(149,83)
(150,83)
(151,83)
(152,83)
(153,83)
(154,83)
(155,83)
(156,83)
(157,83)
(158,83)
(159,83)
(80,84)
(81,84)
(82,84)
(83,84)
(84,84)
(85,84)
(105,84)
(106,84)
(107,84)
(108,84)
(109,84)
(110,84)
(111,84)
(112,84)
(119,84)
(120,84)
(121,84)
(122,84)
(123,84)
(124,84)
(125,84)
(126,84)
(132,84)
(133,84)
(134,84)
(135,84)
(136,84)
(137,84)
(138,84)
(139,84)
(140,84)
(141,84)
(142,84)
(143,84)
(147,84)
(148,84)
(149,84)
(150,84)
(151,84)
(152,84)
(153,84)
(154,84)
(155,84)
(156,84)
(157,84)
(158,84)
(159,84)
(80,85)
(81,85)
(82,85)
(83,85)
(84,85)
(85,85)
(105,85)
(106,85)
(107,85)
(108,85)
(109,85)
(110,85)
(111,85)
(112,85)
(119,85)
(120,85)
(121,85)
(122,85)
(123,85)
(124,85)
(125,85)
(126,85)
(132,85)
(133,85)
(134,85)
(135,85)
(136,85)
(137,85)
(138,85)
(139,85)
(140,85)
(141,85)
(142,85)
(147,85)
(148,85)
(149,85)
(153,85)
(154,85)
(155,85)
(156,85)
(157,85)
(158,85)
(159,85)
(80,86)
(81,86)
(82,86)
(83,86)
(84,86)
(85,86)
(86,86)
(87,86)
(88,86)
(89,86)
(105,86)
(106,86)
(107,86)
(108,86)
(109,86)
(110,86)
(111,86)
(112,86)
(119,86)
(120,86)
(121,86)
(122,86)
(123,86)
(124,86)
(125,86)
(126,86)
(138,86)
(139,86)
(140,86)
(141,86)
(142,86)
(147,86)
(148,86)
(149,86)
(153,86)
(154,86)
(155,86)
(156,86)
(157,86)
(158,86)
(159,86)
(80,87)
(81,87)
(82,87)
(83,87)
(84,87)
(85,87)
(86,87)
(87,87)
(88,87)
(89,87)
(105,87)
(106,87)
(107,87)
(108,87)
(109,87)
(110,87)
(111,87)
(112,87)
(119,87)
(120,87)
(121,87)
(122,87)
(123,87)
(124,87)
(125,87)
(126,87)
(154,87)
(155,87)
(156,87)
(157,87)
(158,87)
(159,87)
(80,88)
(81,88)
(82,88)
(83,88)
(84,88)
(85,88)
(86,88)
(87,88)
(88,88)
(89,88)
(105,88)
(106,88)
(107,88)
(108,88)
(109,88)
(110,88)
(111,88)
(112,88)
(121,88)
(122,88)
(123,88)
(124,88)
(125,88)
(154,88)
(155,88)
(156,88)
(157,88)
(158,88)
(159,88)
(80,89)
(81,89)
(82,89)
(83,89)
(84,89)
(85,89)
(86,89)
(87,89)
(88,89)
(89,89)
(105,89)
(106,89)
(107,89)
(108,89)
(109,89)
(110,89)
(111,89)
(112,89)
(154,89)
(155,89)
(156,89)
(157,89)
(158,89)
(159,89)
(80,90)
(81,90)
(82,90)
(83,90)
(84,90)
(85,90)
(105,90)
(106,90)
(107,90)
(108,90)
(109,90)
(110,90)
(111,90)
(112,90)
(154,90)
(155,90)
(156,90)
(157,90)
(158,90)
(159,90)
(80,91)
(81,91)
(82,91)
(83,91)
(84,91)
(85,91)
(86,91)
(87,91)
(105,91)
(106,91)
(107,91)
(108,91)
(109,91)
(110,91)
(111,91)
(112,91)
(154,91)
(155,91)
(156,91)
(157,91)
(158,91)
(159,91)
(80,92)
(81,92)
(82,92)
(83,92)
(84,92)
(85,92)
(86,92)
(87,92)
(88,92)
(105,92)
(106,92)
(107,92)
(108,92)
(109,92)
(110,92)
(111,92)
(112,92)
(132,92)
(133,92)
(134,92)
(135,92)
(136,92)
(137,92)
(138,92)
(139,92)
(140,92)
(141,92)
(142,92)
(154,92)
(155,92)
(156,92)
(157,92)
(158,92)
(159,92)
(80,93)
(81,93)
(82,93)
(83,93)
(84,93)
(85,93)
(86,93)
(87,93)
(88,93)
(105,93)
(106,93)
(107,93)
(108,93)
(109,93)
(110,93)
(111,93)
(112,93)
(132,93)
(133,93)
(134,93)
(135,93)
(136,93)
(137,93)
(138,93)
(139,93)
(140,93)
(141,93)
(142,93)
(147,93)
(148,93)
(149,93)
(150,93)
(151,93)
(152,93)
(153,93)
(154,93)
(155,93)
(156,93)
(157,93)
(158,93)
(159,93)
(80,94)
(81,94)
(82,94)
(83,94)
(84,94)
(85,94)
(86,94)
(87,94)
(88,94)
(106,94)
(107,94)
(108,94)
(109,94)
(110,94)
(111,94)
(112,94)
(132,94)
(133,94)
(134,94)
(135,94)
(136,94)
(137,94)
(138,94)
(139,94)
(140,94)
(141,94)
(142,94)
(147,94)
(148,94)
(149,94)
(150,94)
(151,94)
(152,94)
(153,94)
(154,94)
(155,94)
(156,94)
(157,94)
(158,94)
(159,94)
(80,95)
(81,95)
(82,95)
(83,95)
(84,95)
(85,95)
(86,95)
(87,95)
(88,95)
(106,95)
(107,95)
(108,95)
(109,95)
(110,95)
(111,95)
(112,95)
(132,95)
(133,95)
(134,95)
(135,95)
(136,95)
(137,95)
(138,95)
(139,95)
(140,95)
(141,95)
(142,95)
(147,95)
(148,95)
(149,95)
(150,95)
(151,95)
(152,95)
(153,95)
(154,95)
(155,95)
(156,95)
(157,95)
(158,95)
(159,95)
(80,96)
(81,96)
(82,96)
(83,96)
(84,96)
(119,96)
(120,96)
(121,96)
(122,96)
(123,96)
(124,96)
(125,96)
(132,96)
(133,96)
(134,96)
(135,96)
(136,96)
(137,96)
(138,96)
(139,96)
(140,96)
(141,96)
(142,96)
(147,96)
(148,96)
(149,96)
(150,96)
(151,96)
(152,96)
(153,96)
(154,96)
(155,96)
(156,96)
(157,96)
(158,96)
(159,96)
(80,97)
(81,97)
(82,97)
(83,97)
(84,97)
(119,97)
(120,97)
(121,97)
(122,97)
(123,97)
(124,97)
(125,97)
(126,97)
(132,97)
(133,97)
(134,97)
(135,97)
(136,97)
(137,97)
(138,97)
(139,97)
(140,97)
(141,97)
(142,97)
(147,97)
(148,97)
(149,97)
(150,97)
(151,97)
(152,97)
(153,97)
(154,97)
(155,97)
(156,97)
(157,97)
(158,97)
(159,97)
(80,98)
(81,98)
(82,98)
(83,98)
(84,98)
(85,98)
(86,98)
(87,98)
(88,98)
(89,98)
(90,98)
(91,98)
(92,98)
(93,98)
(94,98)
(95,98)
(96,98)
(97,98)
(98,98)
(99,98)
(118,98)
(119,98)
(120,98)
(121,98)
(122,98)
(123,98)
(124,98)
(125,98)
(126,98)
(132,98)
(133,98)
(134,98)
(135,98)
(136,98)
(137,98)
(138,98)
(139,98)
(140,98)
(141,98)
(142,98)
(147,98)
(148,98)
(149,98)
(150,98)
(151,98)
(152,98)
(153,98)
(154,98)
(155,98)
(156,98)
(157,98)
(158,98)
(159,98)
(80,99)
(81,99)
(82,99)
(83,99)
(84,99)
(85,99)
(86,99)
(87,99)
(88,99)
(89,99)
(90,99)
(91,99)
(92,99)
(93,99)
(94,99)
(95,99)
(96,99)
(97,99)
(98,99)
(99,99)
(118,99)
(119,99)
(120,99)
(121,99)
(122,99)
(123,99)
(124,99)
(125,99)
(126,99)
(133,99)
(134,99)
(135,99)
(136,99)
(137,99)
(138,99)
(139,99)
(140,99)
(141,99)
(142,99)
(147,99)
(148,99)
(149,99)
(150,99)
(151,99)
(152,99)
(153,99)
(154,99)
(155,99)
(156,99)
(157,99)
(158,99)
(159,99)
(80,100)
(81,100)
(82,100)
(83,100)
(84,100)
(85,100)
(86,100)
(87,100)
(88,100)
(89,100)
(90,100)
(91,100)
(92,100)
(93,100)
(94,100)
(95,100)
(96,100)
(97,100)
(98,100)
(99,100)
(100,100)
(118,100)
(119,100)
(120,100)
(121,100)
(122,100)
(123,100)
(124,100)
(125,100)
(126,100)
(133,100)
(134,100)
(135,100)
(136,100)
(137,100)
(138,100)
(139,100)
(140,100)
(141,100)
(142,100)
(147,100)
(148,100)
(149,100)
(150,100)
(151,100)
(152,100)
(153,100)
(154,100)
(155,100)
(156,100)
(157,100)
(158,100)
(159,100)
(80,101)
(81,101)
(82,101)
(83,101)
(84,101)
(85,101)
(86,101)
(87,101)
(88,101)
(89,101)
(90,101)
(91,101)
(92,101)
(93,101)
(94,101)
(95,101)
(96,101)
(97,101)
(98,101)
(99,101)
(100,101)
(118,101)
(119,101)
(120,101)
(121,101)
(122,101)
(123,101)
(124,101)
(125,101)
(133,101)
(134,101)
(135,101)
(136,101)
(137,101)
(138,101)
(139,101)
(140,101)
(141,101)
(142,101)
(147,101)
(148,101)
(149,101)
(150,101)
(151,101)
(152,101)
(153,101)
(154,101)
(155,101)
(156,101)
(157,101)
(158,101)
(159,101)
(80,102)
(81,102)
(82,102)
(83,102)
(84,102)
(85,102)
(86,102)
(87,102)
(88,102)
(89,102)
(90,102)
(91,102)
(92,102)
(93,102)
(94,102)
(95,102)
(96,102)
(97,102)
(98,102)
(99,102)
(100,102)
(119,102)
(120,102)
(121,102)
(122,102)
(123,102)
(124,102)
(125,102)
(133,102)
(134,102)
(135,102)
(136,102)
(137,102)
(138,102)
(139,102)
(140,102)
(141,102)
(142,102)
(147,102)
(148,102)
(149,102)
(150,102)
(151,102)
(152,102)
(153,102)
(154,102)
(155,102)
(156,102)
(157,102)
(158,102)
(159,102)
(80,103)
(81,103)
(82,103)
(83,103)
(84,103)
(85,103)
(119,103)
(120,103)
(121,103)
(122,103)
(123,103)
(124,103)
(125,103)
(126,103)
(133,103)
(134,103)
(135,103)
(136,103)
(137,103)
(138,103)
(139,103)
(140,103)
(141,103)
(154,103)
(155,103)
(156,103)
(157,103)
(158,103)
(159,103)
(80,104)
(81,104)
(82,104)
(83,104)
(84,104)
(85,104)
(118,104)
(119,104)
(120,104)
(121,104)
(122,104)
(123,104)
(124,104)
(125,104)
(126,104)
(155,104)
(156,104)
(157,104)
(158,104)
(159,104)
(80,105)
(81,105)
(82,105)
(83,105)
(84,105)
(85,105)
(118,105)
(119,105)
(120,105)
(121,105)
(122,105)
(123,105)
(124,105)
(125,105)
(126,105)
(155,105)
(156,105)
(157,105)
(158,105)
(159,105)
(80,106)
(81,106)
(82,106)
(83,106)
(84,106)
(85,106)
(86,106)
(87,106)
(88,106)
(118,106)
(119,106)
(120,106)
(121,106)
(122,106)
(123,106)
(124,106)
(125,106)
(155,106)
(156,106)
(157,106)
(158,106)
(159,106)
(80,107)
(81,107)
(82,107)
(83,107)
(84,107)
(85,107)
(86,107)
(87,107)
(88,107)
(89,107)
(119,107)
(120,107)
(121,107)
(122,107)
(123,107)
(124,107)
(125,107)
(155,107)
(156,107)
(157,107)
(158,107)
(159,107)
(80,108)
(81,108)
(82,108)
(83,108)
(84,108)
(85,108)
(86,108)
(87,108)
(88,108)
(89,108)
(107,108)
(108,108)
(109,108)
(110,108)
(111,108)
(119,108)
(120,108)
(121,108)
(122,108)
(123,108)
(124,108)
(125,108)
(154,108)
(155,108)
(156,108)
(157,108)
(158,108)
(159,108)
(80,109)
(81,109)
(82,109)
(83,109)
(84,109)
(85,109)
(86,109)
(87,109)
(88,109)
(89,109)
(105,109)
(106,109)
(107,109)
(108,109)
(109,109)
(110,109)
(111,109)
(154,109)
(155,109)
(156,109)
(157,109)
(158,109)
(159,109)
(80,110)
(81,110)
(82,110)
(83,110)
(84,110)
(105,110)
(106,110)
(107,110)
(108,110)
(109,110)
(110,110)
(111,110)
(154,110)
(155,110)
(156,110)
(157,110)
(158,110)
(159,110)
(80,111)
(81,111)
(82,111)
(83,111)
(84,111)
(105,111)
(106,111)
(107,111)
(108,111)
(109,111)
(110,111)
(154,111)
(155,111)
(156,111)
(157,111)
(158,111)
(159,111)
(80,112)
(81,112)
(82,112)
(83,112)
(84,112)
(85,112)
(86,112)
(87,112)
(88,112)
(105,112)
(106,112)
(107,112)
(108,112)
(109,112)
(110,112)
(132,112)
(133,112)
(134,112)
(135,112)
(136,112)
(137,112)
(138,112)
(139,112)
(140,112)
(154,112)
(155,112)
(156,112)
(157,112)
(158,112)
(159,112)
(80,113)
(81,113)
(82,113)
(83,113)
(84,113)
(85,113)
(86,113)
(87,113)
(88,113)
(105,113)
(106,113)
(107,113)
(108,113)
(109,113)
(110,113)
(132,113)
(133,113)
(134,113)
(135,113)
(136,113)
(137,113)
(138,113)
(139,113)
(140,113)
(141,113)
(147,113)
(148,113)
(149,113)
(150,113)
(151,113)
(152,113)
(154,113)
(155,113)
(156,113)
(157,113)
(158,113)
(159,113)
(80,114)
(81,114)
(82,114)
(83,114)
(84,114)
(85,114)
(86,114)
(87,114)
(88,114)
(105,114)
(106,114)
(107,114)
(108,114)
(109,114)
(110,114)
(132,114)
(133,114)
(134,114)
(135,114)
(136,114)
(137,114)
(138,114)
(139,114)
(140,114)
(141,114)
(147,114)
(148,114)
(149,114)
(150,114)
(151,114)
(152,114)
(153,114)
(154,114)
(155,114)
(156,114)
(157,114)
(158,114)
(159,114)
(80,115)
(81,115)
(82,115)
(83,115)
(84,115)
(85,115)
(86,115)
(87,115)
(88,115)
(105,115)
(106,115)
(107,115)
(108,115)
(109,115)
(110,115)
(133,115)
(134,115)
(135,115)
(136,115)
(137,115)
(138,115)
(139,115)
(140,115)
(141,115)
(147,115)
(148,115)
(149,115)
(150,115)
(151,115)
(152,115)
(153,115)
(154,115)
(155,115)
(156,115)
(157,115)
(158,115)
(159,115)
(80,116)
(81,116)
(82,116)
(83,116)
(84,116)
(105,116)
(106,116)
(107,116)
(108,116)
(109,116)
(110,116)
(133,116)
(134,116)
(135,116)
(136,116)
(137,116)
(138,116)
(139,116)
(140,116)
(141,116)
(147,116)
(148,116)
(149,116)
(150,116)
(151,116)
(152,116)
(153,116)
(154,116)
(155,116)
(156,116)
(157,116)
(158,116)
(80,117)
(81,117)
(82,117)
(83,117)
(84,117)
(105,117)
(106,117)
(107,117)
(108,117)
(109,117)
(110,117)
(133,117)
(134,117)
(135,117)
(136,117)
(137,117)
(138,117)
(139,117)
(140,117)
(147,117)
(148,117)
(149,117)
(150,117)
(151,117)
(152,117)
(153,117)
(154,117)
(155,117)
(156,117)
(157,117)
(158,117)
(159,117)
(80,118)
(81,118)
(82,118)
(83,118)
(84,118)
(105,118)
(106,118)
(107,118)
(108,118)
(109,118)
(110,118)
(133,118)
(134,118)
(135,118)
(136,118)
(137,118)
(138,118)
(139,118)
(140,118)
(147,118)
(148,118)
(149,118)
(150,118)
(151,118)
(152,118)
(153,118)
(154,118)
(155,118)
(156,118)
(157,118)
(158,118)
(159,118)
(80,119)
(81,119)
(82,119)
(83,119)
(84,119)
(105,119)
(106,119)
(107,119)
(108,119)
(109,119)
(110,119)
(133,119)
(134,119)
(135,119)
(136,119)
(137,119)
(138,119)
(139,119)
(140,119)
(147,119)
(148,119)
(149,119)
(150,119)
(151,119)
(152,119)
(153,119)
(154,119)
(155,119)
(156,119)
(157,119)
(158,119)
(159,119)
(80,120)
(81,120)
(82,120)
(83,120)
(84,120)
(105,120)
(106,120)
(107,120)
(108,120)
(109,120)
(110,120)
(133,120)
(134,120)
(135,120)
(136,120)
(137,120)
(138,120)
(139,120)
(140,120)
(147,120)
(148,120)
(149,120)
(150,120)
(151,120)
(152,120)
(153,120)
(154,120)
(155,120)
(156,120)
(157,120)
(158,120)
(159,120)
(80,121)
(81,121)
(82,121)
(83,121)
(85,121)
(86,121)
(87,121)
(88,121)
(89,121)
(90,121)
(91,121)
(92,121)
(93,121)
(94,121)
(95,121)
(96,121)
(97,121)
(98,121)
(105,121)
(106,121)
(107,121)
(108,121)
(109,121)
(110,121)
(133,121)
(134,121)
(135,121)
(136,121)
(137,121)
(138,121)
(139,121)
(140,121)
(147,121)
(148,121)
(149,121)
(150,121)
(151,121)
(152,121)
(153,121)
(154,121)
(155,121)
(156,121)
(157,121)
(158,121)
(159,121)
(80,122)
(81,122)
(82,122)
(83,122)
(85,122)
(86,122)
(87,122)
(88,122)
(89,122)
(90,122)
(91,122)
(92,122)
(93,122)
(94,122)
(95,122)
(96,122)
(97,122)
(98,122)
(99,122)
(105,122)
(106,122)
(107,122)
(108,122)
(109,122)
(110,122)
(133,122)
(134,122)
(135,122)
(136,122)
(137,122)
(138,122)
(139,122)
(140,122)
(147,122)
(148,122)
(149,122)
(150,122)
(151,122)
(152,122)
(153,122)
(154,122)
(155,122)
(156,122)
(157,122)
(158,122)
(159,122)
(80,123)
(81,123)
(82,123)
(83,123)
(85,123)
(86,123)
(87,123)
(88,123)
(89,123)
(90,123)
(91,123)
(92,123)
(93,123)
(94,123)
(95,123)
(96,123)
(97,123)
(98,123)
(99,123)
(105,123)
(106,123)
(107,123)
(108,123)
(109,123)
(133,123)
(134,123)
(135,123)
(136,123)
(149,123)
(150,123)
(151,123)
(152,123)
(153,123)
(154,123)
(155,123)
(156,123)
(157,123)
(158,123)
(159,123)
(80,124)
(81,124)
(82,124)
(83,124)
(86,124)
(87,124)
(88,124)
(89,124)
(90,124)
(91,124)
(92,124)
(93,124)
(94,124)
(95,124)
(96,124)
(97,124)
(98,124)
(99,124)
(105,124)
(106,124)
(107,124)
(108,124)
(109,124)
(152,124)
(153,124)
(154,124)
(155,124)
(156,124)
(157,124)
(158,124)
(80,125)
(81,125)
(82,125)
(83,125)
(84,125)
(85,125)
(86,125)
(87,125)
(88,125)
(89,125)
(90,125)
(91,125)
(92,125)
(93,125)
(94,125)
(95,125)
(96,125)
(97,125)
(98,125)
(99,125)
(104,125)
(105,125)
(106,125)
(107,125)
(108,125)
(109,125)
(155,125)
(156,125)
(157,125)
(158,125)
(80,126)
(81,126)
(82,126)
(83,126)
(84,126)
(85,126)
(86,126)
(87,126)
(88,126)
(89,126)
(90,126)
(91,126)
(92,126)
(93,126)
(94,126)
(95,126)
(96,126)
(97,126)
(98,126)
(99,126)
(100,126)
(101,126)
(102,126)
(103,126)
(104,126)
(105,126)
(106,126)
(107,126)
(108,126)
(109,126)
(155,126)
(156,126)
(157,126)
(158,126)
(80,127)
(81,127)
(82,127)
(83,127)
(84,127)
(85,127)
(86,127)
(87,127)
(88,127)
(92,127)
(93,127)
(94,127)
(95,127)
(96,127)
(97,127)
(99,127)
(100,127)
(101,127)
(102,127)
(103,127)
(104,127)
(105,127)
(106,127)
(107,127)
(108,127)
(109,127)
(149,127)
(150,127)
(151,127)
(152,127)
(153,127)
(155,127)
(156,127)
(157,127)
(158,127)
(80,128)
(81,128)
(82,128)
(83,128)
(84,128)
(85,128)
(86,128)
(87,128)
(88,128)
(92,128)
(93,128)
(94,128)
(95,128)
(96,128)
(99,128)
(100,128)
(101,128)
(102,128)
(103,128)
(104,128)
(105,128)
(106,128)
(107,128)
(108,128)
(109,128)
(148,128)
(149,128)
(150,128)
(151,128)
(152,128)
(153,128)
(154,128)
(155,128)
(156,128)
(157,128)
(158,128)
(80,129)
(81,129)
(82,129)
(83,129)
(84,129)
(85,129)
(86,129)
(87,129)
(88,129)
(92,129)
(93,129)
(94,129)
(95,129)
(96,129)
(99,129)
(100,129)
(101,129)
(102,129)
(103,129)
(104,129)
(105,129)
(106,129)
(107,129)
(108,129)
(109,129)
(110,129)
(111,129)
(112,129)
(113,129)
(114,129)
(115,129)
(116,129)
(117,129)
(118,129)
(119,129)
(120,129)
(121,129)
(122,129)
(123,129)
(124,129)
(125,129)
(126,129)
(127,129)
(128,129)
(129,129)
(148,129)
(149,129)
(150,129)
(151,129)
(152,129)
(153,129)
(154,129)
(155,129)
(156,129)
(157,129)
(158,129)
(80,130)
(81,130)
(82,130)
(83,130)
(84,130)
(85,130)
(86,130)
(87,130)
(88,130)
(89,130)
(90,130)
(91,130)
(92,130)
(93,130)
(94,130)
(95,130)
(96,130)
(97,130)
(98,130)
(99,130)
(100,130)
(101,130)
(102,130)
(103,130)
(104,130)
(105,130)
(106,130)
(107,130)
(108,130)
(109,130)
(110,130)
(111,130)
(112,130)
(113,130)
(114,130)
(115,130)
(116,130)
(117,130)
(118,130)
(119,130)
(120,130)
(121,130)
(122,130)
(123,130)
(124,130)
(125,130)
(126,130)
(127,130)
(128,130)
(129,130)
(130,130)
(131,130)
(132,130)
(133,130)
(134,130)
(135,130)
(136,130)
(137,130)
(138,130)
(139,130)
(140,130)
(148,130)
(149,130)
(150,130)
(151,130)
(152,130)
(153,130)
(154,130)
(155,130)
(156,130)
(157,130)
(158,130)
(80,131)
(81,131)
(82,131)
(83,131)
(84,131)
(85,131)
(86,131)
(87,131)
(88,131)
(89,131)
(90,131)
(91,131)
(92,131)
(93,131)
(94,131)
(95,131)
(96,131)
(97,131)
(98,131)
(99,131)
(100,131)
(101,131)
(102,131)
(103,131)
(104,131)
(105,131)
(106,131)
(107,131)
(108,131)
(109,131)
(110,131)
(111,131)
(112,131)
(113,131)
(114,131)
(115,131)
(116,131)
(117,131)
(118,131)
(119,131)
(120,131)
(121,131)
(122,131)
(123,131)
(124,131)
(125,131)
(126,131)
(127,131)
(128,131)
(129,131)
(130,131)
(131,131)
(132,131)
(133,131)
(134,131)
(135,131)
(136,131)
(137,131)
(138,131)
(139,131)
(140,131)
(141,131)
(142,131)
(143,131)
(144,131)
(145,131)
(146,131)
(147,131)
(148,131)
(149,131)
(150,131)
(151,131)
(152,131)
(153,131)
(154,131)
(155,131)
(156,131)
(157,131)
(158,131)
(81,132)
(82,132)
(83,132)
(84,132)
(85,132)
(86,132)
(87,132)
(88,132)
(89,132)
(90,132)
(91,132)
(92,132)
(93,132)
(94,132)
(95,132)
(96,132)
(97,132)
(98,132)
(99,132)
(100,132)
(101,132)
(102,132)
(103,132)
(104,132)
(105,132)
(106,132)
(107,132)
(108,132)
(109,132)
(110,132)
(111,132)
(112,132)
(113,132)
(114,132)
(115,132)
(116,132)
(117,132)
(118,132)
(119,132)
(120,132)
(121,132)
(122,132)
(123,132)
(124,132)
(125,132)
(126,132)
(127,132)
(128,132)
(129,132)
(130,132)
(131,132)
(132,132)
(133,132)
(134,132)
(135,132)
(136,132)
(137,132)
(138,132)
(139,132)
(140,132)
(141,132)
(142,132)
(143,132)
(144,132)
(145,132)
(146,132)
(147,132)
(148,132)
(149,132)
(150,132)
(151,132)
(152,132)
(153,132)
(154,132)
(155,132)
(156,132)
(157,132)
(158,132)
(92,133)
(93,133)
(94,133)
(95,133)
(96,133)
(97,133)
(98,133)
(99,133)
(100,133)
(101,133)
(102,133)
(103,133)
(104,133)
(105,133)
(106,133)
(107,133)
(108,133)
(109,133)
(110,133)
(111,133)
(112,133)
(113,133)
(114,133)
(115,133)
(116,133)
(117,133)
(118,133)
(119,133)
(120,133)
(121,133)
(122,133)
(123,133)
(124,133)
(125,133)
(126,133)
(127,133)
(128,133)
(129,133)
(130,133)
(131,133)
(132,133)
(133,133)
(134,133)
(135,133)
(136,133)
(137,133)
(138,133)
(139,133)
(140,133)
(141,133)
(142,133)
(143,133)
(144,133)
(145,133)
(146,133)
(147,133)
(148,133)
(149,133)
(150,133)
(151,133)
(152,133)
(153,133)
(154,133)
(155,133)
(156,133)
(157,133)
(158,133)
(104,134)
(105,134)
(106,134)
(107,134)
(108,134)
(109,134)
(110,134)
(111,134)
(116,134)
(117,134)
(118,134)
(119,134)
(120,134)
(121,134)
(122,134)
(123,134)
(124,134)
(125,134)
(126,134)
(127,134)
(128,134)
(129,134)
(130,134)
(131,134)
(132,134)
(133,134)
(134,134)
(135,134)
(136,134)
(137,134)
(138,134)
(139,134)
(140,134)
(141,134)
(142,134)
(143,134)
(144,134)
(145,134)
(146,134)
(147,134)
(148,134)
(149,134)
(150,134)
(151,134)
(152,134)
(153,134)
(154,134)
(155,134)
(156,134)
(157,134)
(158,134)
(132,135)
(133,135)
(134,135)
(135,135)
(136,135)
(137,135)
(138,135)
(139,135)
(140,135)
(141,135)
(142,135)
(143,135)
(144,135)
(145,135)
(146,135)
(147,135)
(148,135)
(149,135)
(150,135)
(151,135)
(152,135)
(153,135)
(154,135)
(155,135)
(156,135)
(157,135)
(158,135)
